2564.80
1478.70
7684.03
6953.34
6159.01
8104.33
5007.21
4215.43
9265.19
2640.63
4857.78
4364.75
2182.69
1542.78
7882.30
3816.16
1303.69
8211.06
9166.05
6500.40
367722.35
388216.19
387394.55
558571.07
734342.43
48550.72
246649.02
796304.36
873786.88
775577.32
827116.11
542952.95
413768.09
945912.82
490561.93
392721.69
563156.23
57907.57
807858.58
587614.09
1000025.55
175.16
115.85
537.12
96.52
431.13
385.95
152.85
948.33
149.46
8.11
328.20
33.68
233.55
512.81
257.94
617.33
628.89
803.43
477.78
59.32